    0.5207

    0.5631

    0.5635

    0.5890

    0.6184

    0.6289

    0.6118

    0.3085

    0.5809

    0.6204

    0.5824

    0.2576

    0.6269

    0.6240

    0.6333

    0.5302

    0.3397

    0.2184

    0.5754

    0.6075

    0.2318

    0.6007

    0.6326

    0.6446

    0.5837

    0.5994

    0.5958

    0.5769

    0.6118

    0.4404

    0.6338

    0.4690

    0.3895

    0.4957

    0.6407

    0.5644

    0.6197

    0.2016

    0.3970

    0.6245

    0.6087

    0.2192

    0.4808

    0.4237

    0.6152

    0.6398

    0.5727

    0.6043

    0.6393

    0.5887

    0.5551

    0.5912

    0.5962

    0.6329

    0.5875

    0.6139

    0.6106

    0.6181

    0.4934

    0.6264

    0.6140

    0.6241

    0.5900

    0.5948

    0.4867

    0.5645

    0.5950

    0.4636

    0.6057

    0.6202

    0.6035

    0.6436

    0.5512

    0.5911

    0.4614

    0.6115

    0.5738

    0.6412

    0.5931

    0.4048

    0.6151

    0.5334

    0.4033

    0.2480

    0.0018

    0.6431

    0.6339

    0.5970

    0.5841

    0.5811

    0.3078

    0.5963

    0.5726

    0.5770

    0.5769

    0.3918

    0.6293

    0.6140

    0.5110

    0.6080

SP
    0.5413