    0.5103

    0.5574

    0.5763

    0.5884

    0.5870

    0.6056

    0.5843

    0.2562

    0.5772

    0.5967

    0.6035

    0.2400

    0.5993

    0.5928

    0.6004

    0.4986

    0.3474

    0.2177

    0.5119

    0.6020

    0.3366

    0.6238

    0.6118

    0.6126

    0.5768

    0.5988

    0.6044

    0.5736

    0.5854

    0.4299

    0.6111

    0.5754

    0.4054

    0.4753

    0.6036

    0.5539

    0.5890

    0.2024

    0.4064

    0.6141

    0.6040

    0.2769

    0.5995

    0.4264

    0.5906

    0.6208

    0.5400

    0.6062

    0.6314

    0.5910

    0.4436

    0.5907

    0.6093

    0.6035

    0.6029

    0.6088

    0.6007

    0.6080

    0.4695

    0.6072

    0.6109

    0.6016

    0.5900

    0.6168

    0.4654

    0.5308

    0.6063

    0.5852

    0.6125

    0.6132

    0.6205

    0.6154

    0.5437

    0.5979

    0.4701

    0.5862

    0.5316

    0.6159

    0.4356

    0.3726

    0.5848

    0.4171

    0.4104

    0.3033

    0.0017

    0.4200

    0.6164

    0.5857

    0.4306

    0.5698

    0.2582

    0.5810

    0.5372

    0.5845

    0.5762

    0.3606

    0.4758

    0.6091

    0.5199

    0.5963

SP
    0.5274
