0.0032

    0.6184

    0.5526

    0.6112

    0.6073

    0.6304

    0.6045

    0.5309

    0.4729

    0.6303

    0.5733

    0.3393

    0.6146

    0.5779

    0.6304

    0.5091

    0.2703

    0.6353

    0.6010

    0.6261

    0.5734

    0.5830

    0.6125

    0.6064

    0.6049

    0.6124

    0.5985

    0.5917

    0.4658

    0.4948

    0.4462

    0.4413

    0.5733

    0.5916

    0.6041

    0.4431

    0.5681

    0.2235

    0.5860

    0.5743

    0.6081

    0.4361

    0.5438

    0.4390

    0.5558

    0.6417

    0.6294

    0.5794

    0.5737

    0.6017

    0.6025

    0.5774

    0.6041

    0.5996

    0.5805

    0.6052

    0.6136

    0.6206

    0.5985

    0.6135

    0.5957

    0.6149

    0.5999

    0.5937

    0.5483

    0.5670

    0.6258

    0.4632

    0.6169

    0.5692

    0.5908

    0.5320

    0.6117

    0.5998

    0.6284

    0.6056

    0.5639

    0.5951

    0.5508

    0.6132

    0.5722

    0.4288

    0.4321

    0.4178

    0.6081

    0.4350

    0.6318

    0.4302

    0.6068

    0.6116

    0.3201

    0.6402

    0.4034

    0.6072

    0.6045

    0.6179

    0.5782

    0.5840

    0.5327

    0.6206

S-M-S
    0.5543