    0.4306

    0.1984

    0.5683

    0.6069

    0.6086

    0.6175

    0.6087

    0.2808

    0.6087

    0.6096

    0.6021

    0.2322

    0.5963

    0.6097

    0.6028

    0.6091

    0.2191

    0.2268

    0.4133

    0.2257

    0.0013

    0.6087

    0.6118

    0.6065

    0.6090

    0.6089

    0.5929

    0.2037

    0.5304

    0.4074

    0.6134

    0.5761

    0.2639

    0.6101

    0.6177

    0.4033

    0.5766

    0.2364

    0.3772

    0.6003

    0.6064

    0.3421

    0.4417

    0.2171

    0.5734

    0.6180

    0.3934

    0.2648

    0.6175

    0.5936

    0.6089

    0.4090

    0.4153

    0.5998

    0.6144

    0.6199

    0.6108

    0.5938

    0.6071

    0.6028

    0.6067

    0.6004

    0.6116

    0.5908

    0.6157

    0.6129

    0.6088

    0.5779

    0.5309

    0.6209

    0.5916

    0.6162

    0.2467

    0.5853

    0.4071

    0.6068

    0.2073

    0.6067

    0.6013

    0.1979

    0.5952

    0.5162

   7.8756e-04

    0.2641

   6.3620e-04

    0.2589

    0.6087

    0.0017

    0.6075

    0.6128

    0.2648

    0.6182

    0.4424

    0.5828

    0.5987

    0.2092

    0.6107

    0.5958

    0.0010

    0.6039

SP
    0.4812