   6.7765e-04

    0.5985

    0.5667

    0.6104

    0.6116

    0.6066

    0.5872

    0.4331

    0.5779

    0.6107

    0.4944

    0.2804

    0.5953

    0.4875

    0.6087

    0.4739

    0.2529

    0.6162

    0.5784

    0.5079

    0.5568

    0.5870

    0.5910

    0.6078

    0.5817

    0.6228

    0.6038

    0.5711

    0.4214

    0.4181

    0.4187

    0.4652

    0.5922

    0.5671

    0.6153

    0.4188

    0.5769

    0.2328

    0.5387

    0.5634

    0.5895

    0.4139

    0.5161

    0.3958

    0.5753

    0.6153

    0.6126

    0.4813

    0.5722

    0.6123

    0.5768

    0.5981

    0.6200

    0.5982

    0.5707

    0.6157

    0.6117

    0.6007

    0.5966

    0.5907

    0.6103

    0.5898

    0.6003

    0.6051

    0.4888

    0.5717

    0.6047

    0.4544

    0.6153

    0.5621

    0.5996

    0.4787

    0.5460

    0.6015

    0.6142

    0.4603

    0.5470

    0.5948

    0.5720

    0.5440

    0.5840

    0.5011

    0.3346

    0.4178

    0.5848

    0.5679

    0.6090

    0.3774

    0.5863

    0.6158

    0.3179

    0.6140

    0.4010

    0.6056

    0.5832

    0.5535

    0.5944

    0.5854

    0.4506

    0.6012

S-M-S
    0.5376