    0.5199

    0.4066

    0.4677

    0.6121

    0.6276

    0.6185

    0.5963

    0.3229

    0.6220

    0.6249

    0.6060

    0.2156

    0.5985

    0.6215

    0.5276

    0.4768

    0.2975

    0.1879

    0.4105

    0.6048

    0.3776

    0.6101

    0.6115

    0.6093

    0.6118

    0.6210

    0.6012

    0.6184

    0.4460

    0.3995

    0.5489

    0.4524

    0.2081

    0.5395

    0.5439

    0.4039

    0.5925

    0.2161

    0.4006

    0.6033

    0.6087

    0.2125

    0.5985

    0.6169

    0.5755

    0.6173

    0.4059

    0.4954

    0.5521

    0.5934

    0.4703

    0.4944

    0.6057

    0.6172

    0.6132

    0.5996

    0.6145

    0.6066

    0.6231

    0.6075

    0.6127

    0.4816

    0.5985

    0.6135

    0.5474

    0.5435

    0.6031

    0.6096

    0.6196

    0.5344

    0.6109

    0.5397

    0.4018

    0.6035

    0.5341

    0.5798

    0.6195

    0.6203

    0.5841

    0.2140

    0.4986

    0.5179

    0.2765

    0.2067

    0.0011

    0.6045

    0.6076

    0.6032

    0.6097

    0.5408

    0.2474

    0.5457

    0.6124

    0.5963

    0.5815

    0.6164

    0.6088

    0.4060

    0.0033

    0.5988

SP
    0.5146