    0.0015

    0.6130

    0.4339

    0.5968

    0.6056

    0.6104

    0.5760

    0.4258

    0.5680

    0.6017

    0.5898

    0.2852

    0.4857

    0.5791

    0.6045

    0.4883

    0.3346

    0.6169

    0.5709

    0.6027

    0.5531

    0.4770

    0.5884

    0.5989

    0.4861

    0.6214

    0.5933

    0.5698

    0.4156

    0.4125

    0.4422

    0.5619

    0.5921

    0.5704

    0.6035

    0.4314

    0.5875

    0.2219

    0.5532

    0.5654

    0.5740

    0.4068

    0.5065

    0.4177

    0.5759

    0.6233

    0.5970

    0.4751

    0.5729

    0.6109

    0.5839

    0.5962

    0.6031

    0.5828

    0.5751

    0.6073

    0.5997

    0.5987

    0.5835

    0.5810

    0.6041

    0.5777

    0.5870

    0.5994

    0.5160

    0.5646

    0.5938

    0.4614

    0.6118

    0.5520

    0.5898

    0.5053

    0.5554

    0.5870

    0.6080

    0.5654

    0.5730

    0.5838

    0.4622

    0.5603

    0.5817

    0.5046

    0.3868

    0.4087

    0.5833

    0.4641

    0.6080

    0.4257

    0.5723

    0.6071

    0.3209

    0.6274

    0.3957

    0.6073

    0.5797

    0.5602

    0.5835

    0.5766

    0.5597

    0.5984

S-M-S
    0.5372