    0.0010

    0.5558

    0.4605

    0.6091

    0.6240

    0.6097

    0.5878

    0.4603

    0.4427

    0.6034

    0.5998

    0.3269

    0.5993

    0.5956

    0.6128

    0.4963

    0.3386

    0.5643

    0.5777

    0.6048

    0.5522

    0.5833

    0.6078

    0.5926

    0.4697

    0.6101

    0.5524

    0.5727

    0.4674

    0.5873

    0.4214

    0.4367

    0.6018

    0.5738

    0.6125

    0.3977

    0.4812

    0.6166

    0.5310

    0.5801

    0.5744

    0.4060

    0.4607

    0.4174

    0.5905

    0.6256

    0.6115

    0.6056

    0.5686

    0.6053

    0.5738

    0.6267

    0.6097

    0.5960

    0.4661

    0.6132

    0.4159

    0.6013

    0.4900

    0.5955

    0.6114

    0.4476

    0.5940

    0.5965

    0.4714

    0.5716

    0.5998

    0.4926

    0.6085

    0.5801

    0.5936

    0.4770

    0.5008

    0.6055

    0.5970

    0.4889

    0.4738

    0.5878

    0.4508

    0.5352

    0.5705

    0.5039

    0.4107

    0.4083

    0.5759

    0.5729

    0.5739

    0.4394

    0.5866

    0.5650

    0.3425

    0.5677

    0.3956

    0.6021

    0.5928

    0.5453

    0.5931

    0.5726

    0.4356

    0.5990

S-M-S
    0.5351