    0.5235

    0.4333

    0.4363

    0.6304

    0.6125

    0.6385

    0.5795

    0.3451

    0.6057

    0.6204

    0.5785

    0.2262

    0.5825

    0.6405

    0.6183

    0.5123

    0.2971

    0.1936

    0.4116

    0.5931

    0.3709

    0.4862

    0.6093

    0.6013

    0.6091

    0.6405

    0.6206

    0.6020

    0.4653

    0.3972

    0.6211

    0.4635

    0.1862

    0.5615

    0.6031

    0.4404

    0.4867

    0.2412

    0.4140

    0.6243

    0.5960

    0.2600

    0.6005

    0.6205

    0.5582

    0.6129

    0.3973

    0.6054

    0.5750

    0.5791

    0.4556

    0.6205

    0.6040

    0.6343

    0.6295

    0.6124

    0.6118

    0.5626

    0.6054

    0.6275

    0.6294

    0.5897

    0.5890

    0.6127

    0.5752

    0.6059

    0.6041

    0.4841

    0.6364

    0.6019

    0.6329

    0.5883

    0.4039

    0.5717

    0.5978

    0.4590

    0.6371

    0.5990

    0.4922

    0.2093

    0.5968

    0.4201

    0.2055

    0.2281

    0.0011

    0.6261

    0.6280

    0.5908

    0.6280

    0.5682

    0.2759

    0.5650

    0.3961

    0.6004

    0.5967

    0.6362

    0.6282

    0.5968

   8.3011e-04

    0.6159

SP
    0.520216