    0.0011

    0.5694

    0.5864

    0.6349

    0.6193

    0.6131

    0.5894

    0.4313

    0.4401

    0.6321

    0.6243

    0.2770

    0.6281

    0.6112

    0.6144

    0.5129

    0.2783

    0.5949

    0.5926

    0.6002

    0.4211

    0.6129

    0.5931

    0.5993

    0.5872

    0.6237

    0.5416

    0.5810

    0.4896

    0.6177

    0.4351

    0.5947

    0.6267

    0.5574

    0.6227

    0.4386

    0.6213

    0.6356

    0.5323

    0.4777

    0.5984

    0.3941

    0.4786

    0.3760

    0.5990

    0.6431

    0.6062

    0.6307

    0.5662

    0.5991

    0.6083

    0.6379

    0.6009

    0.6148

    0.6090

    0.5909

    0.5910

    0.6209

    0.6213

    0.6106

    0.5991

    0.5923

    0.5942

    0.6074

    0.4944

    0.5841

    0.6309

    0.5638

    0.6154

    0.5932

    0.5955

    0.5043

    0.5152

    0.6264

    0.6019

    0.4847

    0.5074

    0.6155

    0.4382

    0.5771

    0.4403

    0.4122

    0.4000

    0.4523

    0.5838

    0.4699

    0.5768

    0.4407

    0.6115

    0.5735

    0.3399

    0.6074

    0.2585

    0.6306

    0.5940

    0.5537

    0.6240

    0.5272

    0.5272

    0.4676

S-M-S
    0.5469