    0.0025

    0.6167

    0.4636

    0.6079

    0.6087

    0.6063

    0.5737

    0.4687

    0.5673

    0.6016

    0.5942

    0.0014

    0.5930

    0.5771

    0.5996

    0.6070

    0.3213

    0.2466

    0.5701

    0.5971

    0.5692

    0.6031

    0.5934

    0.6092

    0.5797

    0.6075

    0.5950

    0.5617

    0.4161

    0.4092

    0.4090

    0.5771

    0.5928

    0.5639

    0.6092

    0.4108

    0.4594

    0.2188

    0.6110

    0.6009

    0.5892

    0.4105

    0.4412

    0.2352

    0.4387

    0.4719

    0.5987

    0.5969

    0.5655

    0.5920

    0.5691

    0.5984

    0.6100

    0.5914

    0.5114

    0.3624

    0.6077

    0.4878

    0.4776

    0.5949

    0.5975

    0.6003

    0.5926

    0.6030

    0.6049

    0.5557

    0.6029

    0.5822

    0.6103

    0.5631

    0.5970

    0.6094

    0.6119

    0.4926

    0.6134

    0.4612

    0.6158

    0.5949

    0.6048

    0.6135

    0.5976

   9.5101e-04

    0.0011

    0.2662

    0.5928

    0.5967

    0.5997

    0.0019

    0.6018

    0.6124

    0.2600

    0.6208

    0.4114

    0.5750

    0.5731

    0.4018

    0.5746

    0.6008

    0.0020

    0.5929

S-M-S
    0.5098