    0.4070

    0.4066

    0.4428

    0.5970

    0.6169

    0.6051

    0.5760

    0.2686

    0.6292

    0.6214

    0.5931

    0.2308

    0.5843

    0.6094

    0.6102

    0.4907

    0.3011

    0.2081

    0.4277

    0.6023

    0.3720

    0.6169

    0.5941

    0.6013

    0.5980

    0.6072

    0.5987

    0.6114

    0.4323

    0.3962

    0.5811

    0.4414

    0.1966

    0.5598

    0.5750

    0.4212

    0.6007

    0.2108

    0.3871

    0.5955

    0.6023

    0.2366

    0.4597

    0.6026

    0.4704

    0.6153

    0.4075

    0.6030

    0.5625

    0.5893

    0.5772

    0.5848

    0.6154

    0.6234

    0.5996

    0.6183

    0.6124

    0.5960

    0.6182

    0.5994

    0.6065

    0.5880

    0.6072

    0.6037

    0.5615

    0.5564

    0.5919

    0.5983

    0.6146

    0.5712

    0.6214

    0.5670

    0.3925

    0.5966

    0.5729

    0.5779

    0.6104

    0.4789

    0.4602

    0.2003

    0.5924

    0.4271

    0.2179

    0.1770

    0.0020

    0.4853

    0.6156

    0.6039

    0.6064

    0.5605

    0.2140

    0.5619

    0.6047

    0.5971

    0.5772

    0.6048

    0.5912

    0.5924

    0.0011

    0.5892

SP
    0.5122